<?xml version="1.0"?>
<opencv_storage>
<Intrinsics type_id="opencv-matrix">
  <rows>3</rows>
  <cols>3</cols>
  <dt>f</dt>
  <data>
    560.67761230 0. 304.73587036 0. 560.44055176 249.96318054 0. 0. 1.</data></Intrinsics>
</opencv_storage>
